750
861 979
993 928
982 981
991 961
894 974
903 930
891 949
862 958
995 968
835 996
915 876
953 818
841 967
947 834
872 957
937 838
8 999
853 965
15 985
984 810
20 980
162 699
27 945
51 916
91 892
169 696
183 603
339 558
262 578
204 600
88 902
242 598
108 783
341 523
289 564
249 587
114 750
263 568
118 749
94 798
344 512
511 363
409 427
469 418
721 180
372 496
392 449
471 398
470 403
661 190
408 445
521 324
543 322
744 152
619 207
553 306
615 221
796 97
795 104
581 253
797 84
153 883
44 909
105 898
31 940
10 946
837 54
26 941
386 685
847 53
67 904
155 788
401 683
256 700
243 752
814 79
200 762
195 782
150 884
101 901
402 673
447 618
513 542
415 635
458 589
438 634
413 659
461 586
481 548
665 417
670 399
475 552
524 476
735 295
617 466
740 291
522 527
620 419
714 310
686 395
751 264
840 185
817 191
49 910
133 806
960 64
846 175
130 824
929 68
138 781
873 86
99 828
856 117
137 793
52 897
236 731
231 773
813 237
72 868
885 69
270 720
383 637
327 668
304 717
394 636
494 498
376 660
368 666
318 676
444 630
307 698
424 631
422 632
544 484
452 608
455 535
537 487
454 607
410 633
482 510
674 432
703 343
726 335
808 246
716 337
800 248
912 206
765 269
701 384
832 224
134 934
956 158
977 131
858 215
881 214
770 257
988 119
144 927
129 990
932 161
147 919
157 911
182 882
414 577
330 709
259 816
297 759
371 601
188 871
388 599
490 529
345 628
525 428
156 918
321 710
518 464
285 789
562 390
443 545
407 580
571 385
675 143
572 366
801 55
612 331
825 46
794 59
6 774
697 128
124 758
583 359
662 218
705 116
18 769
625 280
146 753
653 223
833 2
760 71
643 271
151 715
437 375
459 353
173 684
199 657
350 563
165 711
227 651
405 492
252 590
273 585
373 501
244 595
434 465
365 503
290 582
336 579
426 478
355 517
382 495
474 338
681 168
695 160
622 198
664 171
737 126
609 226
624 172
857 96
866 95
920 65
566 238
534 266
805 102
573 234
879 76
547 250
763 123
528 288
689 163
943 61
30 82
973 36
952 47
22
32 66
40 58
93 37
127
115 0
179
80 57
12 85
78
154
83
125
109
28
113
196
241
197
217
550
314
645
588
638
260
219
472
567
488
286
416
497
294
557
546
723
728
732
725
969
802
962
745
771
145
13
761
149
890
87
19
779
50
836
38
181
254
277
301
320
216
468
201
480
387
404
300
329
275
211
287
381
367
247
187
508
775
555
561
559
746
913
706
606
877
799
867
739
623
576
942
939
924
889
654
950
994
281
228
11
4
90
34
954
5
964
139
23
296
166
148
81
103
92
89
302
348
450
313
364
451
423
539
370
509
504
433
411
360
467
485
479
349
457
429
541
551
644
755
616
648
792
803
679
729
629
757
777
704
864
855
830
768
756
677
880
972
923
899
35
963
167
9
389
305
292
887
98
70
265
106
202
208
48
21
456
900
463
688
500
530
627
499
532
507
896
736
860
641
712
594
613
614
549
462
905
951
936
347
907
120
361
25
111
352
272
41
251
986
926
159
245
189
992
3
391
393
812
533
820
502
707
743
570
718
708
671
663
650
554
610
584
436
516
435
831
39
970
870
232
229
225
845
203
921
987
878
844
178
142
888
73
60
998
944
233
358
460
267
255
442
311
261
400
430
421
406
396
369
362
328
299
278
284
279
483
935
526
597
922
605
815
865
669
687
906
786
886
863
604
596
852
821
754
719
978
213
62
140
63
439
440
7
283
309
193
319
274
240
222
212
177
100
24
29
446
656
473
787
560
514
593
839
827
724
536
682
727
693
811
804
776
640
591
565
849
851
209
850
908
184
186
975
174
121
136
77
75
45
1
997
933
931
925
875
239
520
312
519
491
489
486
453
425
342
378
346
377
412
380
356
332
315
303
298
540
611
692
702
809
658
652
733
667
807
574
791
790
690
778
680
742
713
785
672
819
205
176
917
874
164
170
893
132
112
74
110
107
983
895
869
842
826
823
822
230
515
531
441
325
431
397
235
379
374
357
351
258
354
334
316
340
326
323
293
538
647
678
747
621
730
741
764
914
854
848
843
829
772
767
738
655
592
575
556
938
308
282
276
42
268
220
976
210
194
192
141
135
16
43
14
33
17
966
955
317
691
748
734
649
722
694
646
642
639
626
602
333
569
506
505
493
477
448
420
766
784
122
56
989
971
859
959
948
780
